# Comment
[Layer-1]
sao2=0.0001,1,uniform
vhb=0.0001,0.10,uniform
a_mie=1890,1020,normal
b_mie=1.286,1.286,uniform
g=0.8,0.95,uniform
n=1.36,1.36,uniform
d=0.0006,0.001010,uniform

[Layer-2]
sao2=0.0001,1,same
vhb=0.0001,0.10,uniform
a_mie=1890,1020,normal
b_mie=1.286,1.286,uniform
g=0.8,0.95,uniform
n=1.36,1.36,uniform
d=0.000415,0.000847,uniform

[Layer-3]
sao2=0.0001,1,same
vhb=0.0001,0.10,uniform
a_mie=1890,1020,normal
b_mie=1.286,1.286,uniform
g=0.8,0.95,uniform
n=1.38,1.38,uniform
d=0.000395,0.000603,uniform

